-123.48,41.4,3.8861,6.0971,0.99,1.01,0
-124.16,41.932,6.421,6.9231,1.15,1.16,0
-123.66,41.24,8.5895,5.9938,1.33,1.51,0
-123.84,41.874,7.7142,7.416,1.13,1.3,0
-123.19,41.842,3.1754,4.834,0.7,0.79,0
-122.59,41.956,2.8239,3.6366,0.94,1,0
-122.28,41.532,0.66043,2.4111,1.79,2.14,0
-121.26,41.67,0.83249,1.7405,0.55,0.62,0
-122.4,41.425,0.24931,5.7677,1.45,1.68,0
-120.66,47.768,1.9326,0.66058,0.62,0.68,0
-122.22,46.774,5.0385,3.2337,0.59,0.71,0
-121.91,46.542,3.8557,1.9951,0.43,0.5,0
-124.32,43.344,14.057,-2.5328,0.44,0.49,0
-121.97,48.082,1.0209,-1.2592,1.81,2.34,0
-120.26,46.979,2.4999,0.3592,0.78,0.83,0
-122.59,45.216,5.3145,2.0169,0.19,0.2,0
-123.45,48.124,4.9906,2.4907,0.57,0.79,0
-124.04,44.623,10.515,4.0123,0.38,0.43,0
-125.13,48.828,7.5211,5.624,0.66,0.8,0
-123.41,46.162,6.7,2.3358,1.56,1.91,0
-124.18,41.748,6.1781,7.1311,0.82,0.91,0
-124.18,41.749,6.1776,7.1314,0.82,0.91,0
-124.18,41.746,6.1801,7.1299,0.82,0.91,0
-121.18,43.313,3.2022,1.5937,0.55,0.61,0
-124.06,44.587,10.155,5.2039,0.21,0.2,0
-123.14,48.575,3.1669,3.9528,0.44,0.5,0
-123.53,46.991,6.2637,2.7348,0.46,0.57,0
-120.43,48.594,0.10832,0.28313,0.62,0.78,0
-120.74,45.474,2.7545,0.44854,0.56,0.58,0
-122.2,48.711,2.6658,3.0291,0.75,0.96,0
-122.68,48.16,1.4291,1.7824,0.56,0.57,0
-124.06,42.552,6.995,6.2347,1.87,1.88,0
-123.49,48.39,4.6311,3.0651,0.18,0.18,0
-123.49,48.39,4.6311,3.0651,0.18,0.18,0
-124.1,41.192,5.4457,10.356,0.8,0.87,0
-121.75,42.209,2.127,2.0157,0.36,0.42,0
-125.49,49.738,3.25,3.3,0.99,1.01,0
-125.54,48.926,8.7264,6.6925,0.23,0.22,0
-126.55,49.789,3.35,3.38,0.59,0.6,0
-125.03,49.204,6.06,5.4,0.5,0.54,0
-122.99,46.671,4.4108,2.1144,0.37,0.37,0
-122.16,48.162,2.0233,1.2796,0.51,0.52,0
-122.14,48.174,2.9957,1.1926,0.33,0.33,0
-122.14,48.174,2.9957,1.1926,0.33,0.33,0
-122.15,48.17,2.3681,2.2675,0.65,0.74,0
-124.59,49.224,4.85,3.98,0.48,0.51,0
-122.71,42.216,0.11109,3.8365,0.6,0.68,0
-123.82,46.181,8.7639,4.5267,0.35,0.36,0
-123.83,46.173,8.777,4.5116,0.35,0.36,0
-123.25,49.337,1.83,2.07,0.73,0.84,0
-122.69,48.342,2.4185,0.64387,0.4,0.44,0
-122.25,47.686,3.0396,1.9198,0.33,0.33,0
-122.25,47.686,3.0397,1.9197,0.33,0.33,0
-123.25,42.799,4.0464,4.1729,0.57,0.67,0
-121.43,47.735,2.627,1.414,0.45,0.51,0
-122.75,47.501,4.6655,3.5765,0.97,1,0
-123.2,44.149,5.3584,1.4016,0.77,0.92,0
-123.41,43.129,3.9901,4.3106,0.64,0.71,0
-124.07,44.83,10.181,4.2412,0.4,0.42,0
-124.16,49.347,3.38,3.65,0.51,0.54,0
-125.14,48.835,7.9391,5.5137,0.32,0.31,0
-125.14,48.835,7.9391,5.5137,0.32,0.31,0
-122.55,45.781,5.4012,1.8996,0.35,0.39,0
-122.43,48.472,1.0052,2.6012,1.66,1.68,0
-123.65,48.316,5.6606,2.3053,0.67,0.68,0
-125.22,49.65,2.56,3.06,0.64,0.69,0
-123.58,46.146,7.7627,3.5543,0.56,0.57,0
-121.86,48.539,2.7344,1.6575,0.44,0.51,0
-122.53,48.791,1.8838,1.8769,0.6,0.59,0
-124.49,42.801,8.7655,7.8735,0.47,0.52,0
-122.46,43.16,4.1614,2.6027,0.33,0.37,0
-123.26,47.955,4.6425,3.0724,0.31,0.32,0
-123.26,47.955,4.6424,3.0725,0.31,0.32,0
-121.66,48.273,1.966,0.52828,0.45,0.53,0
-122.58,48.548,3.4843,2.6488,0.47,0.49,0
-123.84,42.792,4.945,4.8501,0.3,0.31,0
-124.72,48.594,7.6595,4.4513,1.01,1.1,0
-123,49.078,2.14,2.47,0.63,0.66,0
-123.41,45.065,7.3255,3.3504,0.39,0.39,0
-123.35,45.611,6.3972,2.4731,0.44,0.48,0
-120.6,43.814,2.8794,1.1532,0.39,0.46,0
-123.73,43.66,5.6291,3.7575,1.07,1.09,0
-120.5,41.51,2.6735,1.7351,2.11,2.14,0
-124.05,44.625,10.513,4.0117,0.38,0.43,0
-123.1,44.633,8.9687,2.7023,0.83,1.05,0
-124.56,42.836,10.091,9.1033,0.34,0.33,0
-124.56,42.836,10.421,8.8933,0.24,0.24,0
-124.56,42.836,10.421,8.8933,0.24,0.24,0
-123.78,43.002,4.7057,4.48,0.36,0.36,0
-123.78,43.002,4.7055,4.4802,0.36,0.36,0
-123.96,45.862,9.8123,3.9358,0.21,0.22,0
-124.57,42.837,10.391,8.8223,0.57,0.58,0
-122.6,48.513,2.0586,2.5646,0.6,0.63,0
-121.69,47.676,2.4997,1.6797,0.61,0.74,0
-123.85,45.214,8.6148,4.3051,0.25,0.26,0
-122.99,45.524,5.6824,2.0389,0.38,0.44,0
-122.78,48.011,4.4269,2.4238,0.34,0.34,0
-123.7,48.92,4.1353,3.5098,0.24,0.24,0
-122.01,49.157,1.47,1.43,0.22,0.21,0
-122.01,49.157,1.47,1.43,0.22,0.21,0
-123.98,45.486,9.3329,4.9866,0.21,0.21,0
-123.98,45.486,9.3329,4.9866,0.21,0.21,0
-123.21,46.105,6.3879,2.8869,0.71,0.75,0
-122.58,45.326,4.3661,4.5949,1,1.26,0
-122.24,45.54,3.9236,0.97723,0.24,0.26,0
-122.36,45.296,5.0227,1.5964,0.49,0.49,0
-122.24,45.54,3.9236,0.97718,0.24,0.26,0
-123.67,48.465,5.0068,2.1203,0.69,0.73,0
-123.7,46.973,7.8011,3.8253,0.46,0.55,0
-122.83,44.208,7.3285,3.3224,0.82,0.98,0
-122.83,48.677,3.4687,1.6551,0.98,1.16,0
-123.3,44.586,6.7543,2.9762,0.2,0.18,0
-123.3,44.586,6.7544,2.976,0.2,0.18,0
-123.3,44.586,6.7545,2.976,0.2,0.18,0
-123.3,44.586,6.7545,2.976,0.2,0.18,0
-122.69,48.217,4.1257,1.9058,0.38,0.38,0
-122.94,42.397,4.485,3.1149,0.7,0.83,0
-122.24,45.539,3.9243,0.97687,0.24,0.26,0
-122.68,48.217,4.1258,1.9058,0.38,0.38,0
-122.26,46.84,3.7019,1.717,0.34,0.33,0
-122.26,46.84,3.7019,1.717,0.34,0.33,0
-122.26,46.84,3.7019,1.717,0.34,0.33,0
-124.18,43.124,6.3754,5.1944,0.28,0.3,0
-120.26,46.979,2.4999,0.3592,0.78,0.83,0
-121.94,43.53,3.8,1.9434,0.58,0.67,0
-123.32,43.986,5.6532,4.6185,0.58,0.67,0
-122.92,46.283,5.0822,2.4872,0.74,0.8,0
-122.24,44.119,5.3793,1.9317,0.92,1,0
-123.6,44.377,6.6727,3.7333,0.25,0.25,0
-122.5,45.611,6.0955,2.0661,0.32,0.32,0
-122.5,45.611,6.0955,2.0661,0.32,0.32,0
-122.5,45.611,6.0955,2.0661,0.32,0.32,0
-122.5,45.611,6.0955,2.0661,0.32,0.32,0
-121.55,45.711,2.8562,0.66815,0.23,0.24,0
-121.18,45.618,3.2902,0.5536,0.3,0.35,0
-121.6,48.255,0.19522,1.9422,1.2,1.65,0
-121.66,48.273,1.806,5.0483,0.99,1.08,0
-123.39,43.242,1.8188,5.7603,0.58,0.65,0
-124.32,49.599,3.29,3.66,0.47,0.5,0
-122.55,47.968,9.214,4.1332,1.91,2.39,0
-122.55,47.967,9.2141,4.1331,1.91,2.39,0
-123.24,43.119,4.4216,3.3374,0.21,0.2,0
-123.46,43.126,4.0138,4.1379,0.72,0.79,0
-123.23,48.425,3.7818,2.9799,0.74,0.74,0
-123.28,46.631,5.4555,3.556,0.44,0.51,0
-123.35,48.493,4.2721,1.97,0.63,0.65,0
-123.11,48.181,4.0812,1.8914,0.47,0.52,0
-122.39,47.595,3.1013,0.99681,0.91,1.1,0
-122.08,47.774,2.994,2.5831,0.8,0.79,0
-120.18,45.243,3.1677,-0.53754,0.56,0.66,0
-123.29,44.391,8.6991,2.993,0.71,0.77,0
-120.59,47.559,2.3195,0.81333,0.68,0.82,0
-123.41,47.939,5.1861,2.2785,0.31,0.32,0
-123.98,49.753,2.39,2.74,0.41,0.44,0
-121.17,47.232,4.7028,2.2833,0.42,0.44,0
-123.77,44.612,8.6318,3.9562,0.92,1.13,0
-127.12,49.873,4.95,4.42,0.22,0.23,0
-127.12,49.873,4.95,4.42,0.22,0.23,0
-122.35,46.301,3.3755,3.1429,0.68,0.76,0
-122.38,47.386,3.8411,1.5725,0.27,0.27,0
-122.33,45.298,5.3398,4.0511,0.96,1.2,0
-123.16,44.079,6.1836,2.2095,0.56,0.62,0
-121.2,44.269,3.5796,1.252,0.86,1.07,0
-124.2,43.34,8.4744,6.712,0.57,0.7,0
-122.62,42.142,1.5068,1.9993,0.82,0.93,0
-121.13,46.629,2.5832,0.0039703,0.53,0.56,0
-123.34,42.423,4.0584,4.5182,0.56,0.64,0
-122.65,43.586,4.1683,3.6945,0.81,0.93,0
-123.38,47.015,5.6101,2.6448,0.54,0.65,0
-123.38,47.015,5.6101,2.6448,0.54,0.65,0
-123.86,44.019,7.7692,4.1276,1.24,1.27,0
-124.27,42.046,7.9855,7.2862,0.46,0.54,0
-125.7,49.883,1.77,1.86,0.62,0.66,0
-120.22,45,2.4034,0.03124,0.76,0.81,0
-125.28,49.192,5.38,4.15,0.44,0.47,0
-125.51,48.985,7.603,6.8386,0.66,0.75,0
-124.4,47.937,12.204,7.2645,0.47,0.51,0
-123.5,46.541,5.9335,3.9756,0.33,0.38,0
-122.6,48.892,2.5098,2.5289,0.99,1.23,0
-123.96,46.205,10.869,4.6078,0.25,0.24,0
-122.65,43.586,4.1683,3.6944,0.81,0.93,0
-122.17,47.718,-0.14857,0.85629,0.99,1.32,0
-121.27,48.674,1.5743,1.5399,0.45,0.53,0
-121.67,48.865,0.0042954,0.75554,0.64,0.76,0
-120.51,44.353,3.1065,0.16056,0.84,0.95,0
-123.82,49.203,3.6,3.16,0.42,0.46,0
-123.92,46.057,10.62,4.0844,0.24,0.25,0
-125.36,49.552,2.94,1.7,0.71,0.76,0
-122.79,47.549,4.9308,2.2946,0.4,0.42,0
-122.79,47.549,4.9308,2.2946,0.4,0.42,0
-124.43,42.421,9.7351,7.9236,0.58,0.59,0
-122.88,46.009,3.6816,2.0481,1.2,1.46,0
-120.81,45.839,3.0244,0.15143,0.19,0.18,0
-122.55,45.781,5.4012,1.8996,0.35,0.39,0
-124.18,47.114,13.673,9.3501,0.45,0.5,0
-121.63,47.138,2.1052,0.68159,0.49,0.58,0
-121.59,48.486,0.80438,0.6387,0.46,0.52,0
-121.6,48.255,0.19528,1.942,1.2,1.65,0
-123.65,46.334,7.6474,4.1104,0.47,0.52,0
-122.14,48.917,1.8643,0.58854,0.7,0.88,0
-124.1,46.903,10.522,7.2728,0.4,0.42,0
-124.28,47.304,14.02,9.4502,0.29,0.31,0
-124.7,48.995,5.6308,4.9042,0.45,0.49,0
-121.97,48.081,1.0212,-1.2596,1.81,2.34,0
-123.64,45.082,7.0512,2.9027,0.42,0.43,0
-121.17,47.234,4.7002,2.2858,0.42,0.44,0
-122.53,41.555,1.8001,1.2406,0.69,0.81,0
-121.78,48.538,2.8441,1.7639,0.77,0.98,0
-123.07,45.612,6.235,2.328,0.48,0.49,0
-121.33,45.783,4.2123,0.25422,0.25,0.24,0
-120.22,45.745,4.2668,-0.74605,1.08,1.36,0
-122.53,48.099,1.4353,1.1484,0.91,0.93,0
-122.18,47.485,1.6105,1.1331,0.74,0.77,0
-124.06,44.602,10.193,4.2415,0.26,0.28,0
-124.96,49.069,4.96,4.4,0.44,0.47,0
-123.57,45.885,7.9571,3.2983,0.41,0.42,0
-124.08,46.3,11.058,6.1037,0.65,0.67,0
-122.8,45.857,5.2695,2.8875,0.56,0.59,0
-122.88,44.99,6.5154,3.1867,0.51,0.54,0
-122.81,45.179,6.5816,3.3226,0.93,1.12,0
-123.53,47.99,5.6211,3.3125,0.39,0.4,0
-123.53,47.99,5.6211,3.3125,0.39,0.4,0
-121.39,47.389,1.6725,0.27926,1.89,2.03,0
-122.89,48.422,3.8711,2.4193,0.34,0.36,0
-122.88,48.42,3.8718,2.4184,0.34,0.36,0
-123.68,42.105,4.495,4.6504,0.4,0.43,0
-122.83,44.795,6.1492,2.5246,0.48,0.53,0
-120.52,47.012,1.6935,-0.54343,0.6,0.65,0
-123.95,45.273,9.9419,4.8018,0.57,0.57,0
-122.97,44.877,6.4795,3.3393,0.74,0.93,0
-122.81,48.055,4.0776,2.5708,0.53,0.59,0
-124.09,42.815,5.9172,4.5064,0.51,0.54,0
-124.09,42.815,5.9173,4.5064,0.51,0.54,0
-123.61,45.546,7.0697,1.4992,1.63,2.09,0
-124.92,49.415,3.95,3.73,0.54,0.58,0
-124.1,48.465,6.1906,2.8798,0.71,0.77,0
-122.88,42.323,3.0619,3.7182,0.42,0.51,0
-122.06,48.527,2.6602,0.30128,1.27,1.49,0
-123.38,46.203,6.9907,3.4517,0.28,0.27,0
-120.16,45.75,3.9818,0.95029,0.93,1.01,0
-123.33,46.553,5.7502,2.7721,0.34,0.41,0
-122.9,46.118,5.3343,2.5549,0.22,0.22,0
-122.9,46.118,5.3344,2.5549,0.22,0.22,0
-123.96,46.15,10.701,4.9238,0.33,0.39,0
-122.65,47.735,4.2444,2.6152,0.61,0.77,0
-123.72,46.089,8.8663,3.311,0.29,0.31,0
-122.8,47.547,4.6722,1.8511,0.24,0.23,0
-120.06,47.656,0.53882,0.42417,0.46,0.52,0
-123.45,48.123,4.9909,2.4908,0.57,0.79,0
-122.96,44.566,6.3969,2.1373,0.48,0.59,0
-122.09,45.533,4.3845,3.7386,0.84,0.88,0
-123.82,48.612,4.7767,2.4147,0.67,0.7,0
-123.24,43.706,5.3838,2.8508,0.64,0.78,0
-122.62,47.094,3.4258,3.9794,1.2,1.27,0
-122.62,47.094,3.4258,3.9794,1.2,1.27,0
-120.54,47,1.6479,-0.21623,0.22,0.21,0
-120.54,47,1.6479,-0.21623,0.22,0.21,0
-122.34,48.425,-3.7144,1.8178,3.17,3.2,0
-123.67,48.15,5.4665,2.8874,0.32,0.31,0
-120.19,42.574,1.6802,1.8786,0.86,0.86,0
-121.83,47.944,2.742,1.1528,0.22,0.22,0
-121.83,47.944,2.742,1.1528,0.22,0.22,0
-123.67,48.15,5.4666,2.8873,0.32,0.31,0
-122.76,47.219,4.7867,2.374,0.34,0.33,0
-124.11,47.116,14.358,3.2435,1.35,1.74,0
-122.79,43.922,6.6751,2.2909,0.97,1.04,0
-121.69,47.695,2.5337,0.98475,0.31,0.3,0
-123.83,48.16,6.8726,4.6953,0.99,1.1,0
-121.88,45.676,3.2931,0.69818,0.24,0.25,0
-123.92,44.646,9.1312,4.7268,0.51,0.62,0
-124.32,42.183,8.439,9.2583,0.57,0.63,0
-124.73,49.364,3.72,3.64,0.51,0.55,0
-122.63,48.268,2.8768,0.40097,0.55,0.58,0
-120.38,48.571,0.76651,1.8933,0.39,0.43,0
-123.13,45.191,6.2446,3.4163,0.84,0.88,0
-122.96,44.974,6.0512,2.7272,0.51,0.52,0
-121.22,42.418,2.2367,1.7494,0.25,0.24,0
-121.8,47.52,2.0516,1.6797,0.87,1.1,0
-122.48,44.752,6.1317,2.5145,0.48,0.57,0
-122.27,46.551,4.1923,2.1574,0.35,0.38,0
-122.02,44.065,1.066,3.4119,1.48,1.94,0
-121.87,46.934,3.2337,2.0792,0.72,0.82,0
-122.36,46.189,3.717,2.1276,0.44,0.43,0
-123.55,44.505,8.539,3.2475,0.59,0.61,0
-123.83,44.777,8.3835,4.021,0.42,0.44,0
-121.54,46,3.864,1.2927,0.3,0.3,0
-121.93,47.142,1.786,0.99557,0.33,0.35,0
-123.79,45.907,7.0884,3.6352,1.11,1.16,0
-123.38,42.621,3.2229,4.3756,0.94,0.99,0
-120.7,46.728,4.2181,1.0833,1.56,1.55,0
-124.09,49.295,4.08,3.57,0.18,0.18,0
-124.09,49.295,4.08,3.57,0.18,0.18,0
-124.09,49.295,4.08,3.57,0.18,0.18,0
-124.6,48.37,8.3117,5.8728,0.58,0.56,0
-124.6,48.37,8.3117,5.8728,0.58,0.56,0
-125,49.949,1.97,2.7,0.59,0.64,0
-124.62,48.3,9.4995,6.3904,0.21,0.2,0
-124.62,48.298,9.501,6.387,0.21,0.2,0
-122.72,45.469,5.9366,2.8797,1,1.3,0
-123.97,45.134,9.8636,4.4427,0.19,0.2,0
-123.23,44.925,6.8204,3.3158,0.56,0.6,0
-124.06,44.585,10.156,5.2031,0.21,0.2,0
-124.08,46.3,11.058,6.1037,0.65,0.67,0
-123.44,46.1,6.6756,2.9816,0.76,1.03,0
-122.42,48.366,2.7441,2.1662,0.99,1.01,0
-124.06,44.58,10.16,5.2053,0.21,0.2,0
-126.62,49.592,7.1,6.07,0.31,0.27,0
-126.62,49.592,7.1,6.07,0.31,0.27,0
-122.25,47.685,3.0399,1.9192,0.33,0.33,0
-123.32,44.585,6.7553,3.3674,0.67,0.7,0
-122.5,43.752,4.7107,2.0549,0.42,0.48,0
-123.1,44.066,7.2012,1.4033,1.15,1.15,0
-120.72,46.951,1.7904,0.029407,0.36,0.35,0
-120.33,47.48,2.2497,-0.11263,0.79,0.91,0
-124.26,49.228,3.63,3.64,0.42,0.44,0
-122.91,46.967,4.9866,2.5287,0.38,0.37,0
-122.91,46.967,4.9866,2.5287,0.38,0.37,0
-123.23,42.692,5.821,3.2445,1.78,2.13,0
-123.92,46.972,9.9183,5.0273,0.57,0.6,0
-122.66,47.446,3.5867,1.5994,0.96,1.19,0
-122.66,47.447,3.5857,1.6005,0.96,1.19,0
-122.66,47.447,3.586,1.6002,0.96,1.19,0
-122.14,47.636,2.0509,2.8118,1.01,1.19,0
-125.4,49.823,3.21,1.66,0.63,0.67,0
-124.01,42.967,5.4127,5.518,0.62,0.62,0
-121.09,43.112,1.5703,1.6376,0.4,0.39,0
-120.95,44.923,2.7908,0.55291,0.28,0.3,0
-120.93,46.844,2.1792,0.5756,0.33,0.32,0
-123.36,41.807,2.3989,4.5173,0.4,0.39,0
-123.69,42.099,2.9296,4.5483,0.43,0.42,0
-123.63,42.275,2.7573,4.1559,0.42,0.41,0
-124.09,41.559,4.8842,5.7106,0.32,0.32,0
-124.23,42.209,5.9744,5.7182,0.66,0.66,0
-124.05,42.86,5.1498,5.5972,0.54,0.54,0
-124.41,43.09,8.4221,7.3731,0.74,0.74,0
-124.25,43.395,6.9824,6.1238,0.65,0.65,0
-123.98,43.614,7.0064,5.7558,0.97,0.97,0
-124.06,44.585,10.156,5.2033,0.21,0.2,0
-123.38,42.504,2.2364,4.3151,0.42,0.41,0
-123.43,43.14,4.0517,4.0312,0.39,0.39,0
-122.66,42.191,1.899,3.2028,0.4,0.39,0
-123.06,43.363,3.89,3.4942,0.56,0.55,0
-123.33,43.623,5.0137,3.3811,0.33,0.32,0
-123.33,43.623,5.0137,3.3811,0.33,0.32,0
-123.59,44.382,6.6683,3.7376,0.25,0.25,0
-123.43,44.689,6.7965,3.2925,0.84,0.83,0
-123.43,44.689,6.7965,3.2925,0.84,0.83,0
-123.1,44.941,5.8727,3.0511,0.33,0.33,0
-122.89,44.052,5.0846,2.5029,0.42,0.41,0
-122.93,44.535,5.3907,2.8101,0.37,0.36,0
-122.58,44.496,4.689,2.5941,0.56,0.56,0
-121.78,42.26,1.0276,1.9788,0.37,0.36,0
-121.77,43.177,2.5066,2.1241,0.49,0.49,0
-122.22,44.342,5.2303,1.4312,0.44,0.44,0
-122.22,44.342,5.2303,1.4312,0.44,0.44,0
-122.48,44.841,5.1605,2.373,0.45,0.46,0
-121.95,44.435,4.1079,1.1224,0.27,0.28,0
-121.57,44.297,4.7875,1.1356,0.38,0.38,0
-121.57,44.297,4.7875,1.1356,0.38,0.38,0
-120.38,42.469,0.59783,1.3493,0.37,0.36,0
-120.6,43.812,2.2709,0.86156,0.4,0.39,0
-123.86,45.022,8.5684,5.5391,0.62,0.62,0
-123.82,45.309,8.9475,5.1071,0.55,0.55,0
-123.82,45.309,8.9475,5.1071,0.55,0.55,0
-123.92,46.926,10.457,5.7961,2.04,2.04,0
-123.61,47.434,6.7086,3.8395,1.29,1.29,0
-123.81,47.513,9.3447,4.5366,0.66,0.66,0
-123.81,47.513,9.3447,4.5366,0.66,0.66,0
-124.56,47.937,14.226,8.1255,0.19,0.2,0
-124.31,47.766,12.977,8.221,0.36,0.35,0
-124.14,48.062,9.5301,7.5123,0.36,0.36,0
-123.39,45.158,6.4803,4.0215,0.37,0.36,0
-123.64,45.629,7.8045,4.4,0.39,0.38,0
-123.15,45.19,5.3855,3.2251,0.37,0.36,0
-123.93,45.955,12.287,5.011,0.38,0.38,0
-123.38,46.2,6.9939,3.4533,0.28,0.27,0
-123.24,45.851,7.0206,3.1798,0.28,0.27,0
-123.08,46.111,4.223,4.4166,0.84,0.85,0
-123.16,45.538,6.3779,2.4625,0.38,0.38,0
-123.16,45.538,6.3779,2.4625,0.38,0.38,0
-122.59,45.221,5.3104,2.0178,0.19,0.2,0
-120.15,48.426,0.13338,1.3772,0.49,0.5,0
-122.69,45.835,4.7532,3.0939,0.62,0.62,0
-123.73,46.656,8.3952,4.9976,0.36,0.35,0
-123.3,46.575,6.2979,3.4469,0.28,0.27,0
-123.41,47.237,6.7821,3.9528,0.42,0.41,0
-122.87,46.589,6.0442,1.7618,0.31,0.31,0
-122.87,46.589,6.0442,1.7618,0.31,0.31,0
-122.43,46.532,4.2441,2.783,0.5,0.5,0
-122.43,46.532,4.2441,2.783,0.5,0.5,0
-122.94,47.288,5.0054,2.9363,0.28,0.27,0
-122.87,47.823,4.2362,2.1726,0.43,0.49,0
-122.85,46.453,3.8349,2.7275,0.74,0.74,0
-122.51,47.803,4.1371,2.0571,2.04,2.04,0
-122.34,45.43,5.1948,1.917,2.02,2.02,0
-121.88,45.676,3.5233,1.958,0.37,0.37,0
-123.44,47.004,6.595,3.8026,0.27,0.27,0
-121.68,46.623,3.0536,0.64304,0.25,0.24,0
-121.08,47.74,1.2791,1.134,0.43,0.42,0
-123.5,48.06,6.313,3.6627,0.68,0.69,0
-123.5,48.06,6.313,3.6627,0.68,0.69,0
-123.5,48.06,6.313,3.6627,0.68,0.69,0
-123.13,48.045,4.5578,2.9581,0.3,0.3,0
-122.46,48.002,3.8391,2.4601,0.37,0.36,0
-122.67,48.419,3.3405,2.4393,0.31,0.3,0
-122.91,48.708,3.4991,2.9612,0.29,0.29,0
-122.49,48.856,2.3576,2.5481,0.38,0.38,0
-122.49,48.856,2.3576,2.5481,0.38,0.38,0
-121.62,48.261,1.8825,1.3841,0.35,0.34,0
-121.29,48.51,1.9432,2.0529,0.83,0.84,0
-121.07,48.73,0.79686,1.7692,0.38,0.38,0
-120.67,45.59,2.4203,0.58565,0.37,0.37,0
-122.89,46.116,5.3384,2.5541,0.22,0.22,0
-120.01,45.911,2.1599,-0.016533,0.38,0.37,0
-122.35,46.11,4.7503,0.84763,0.33,0.34,0
-122.16,46.03,3.2806,0.014642,0.52,0.52,0
-122.36,46.19,3.7168,2.1261,0.44,0.43,0
-122.23,46.231,3.2438,3.3978,0.34,0.33,0
-122.22,46.178,5.0112,1.286,0.55,0.54,0
-122.13,46.195,5.4614,1.7212,0.46,0.46,0
-122.2,46.145,4.8152,-1.1821,0.53,0.52,0
-122.14,46.245,4.5498,3.9822,0.77,0.8,0
-122.42,41.831,1.7477,2.7254,0.76,0.76,0
-123.98,41.846,6.0927,5.5052,0.48,0.48,0
-121.67,45.344,4.9226,0.90452,0.62,0.62,0
-122.14,46.245,4.5498,3.9822,0.77,0.8,0
-124.2,47.209,14.394,8.4261,0.23,0.22,0
-124.21,47.218,14.384,8.4362,0.23,0.22,0
-124.2,47.213,12.649,9.051,0.43,0.42,0
-124.2,47.213,14.389,8.431,0.23,0.22,0
-124.2,47.213,14.389,8.431,0.23,0.22,0
-122.87,42.336,3.2814,3.2194,0.59,0.7,0
-121.68,46.607,3.6662,1.4739,0.48,0.52,0
-120.55,42.704,2.7839,0.79002,0.68,0.91,0
-124.72,49.138,5.7,5.19,0.52,0.58,0
-125.04,48.865,7.0208,5.2163,0.46,0.49,0
-122.57,47.172,3.7049,1.7084,0.27,0.27,0
-122.97,44.51,7.2719,2.4103,0.78,0.89,0
-122.28,47.898,3.5106,1.8797,0.32,0.32,0
-122.28,47.898,3.5106,1.8797,0.32,0.32,0
-123.45,48.648,4.2814,2.7992,0.25,0.25,0
-123.45,48.648,4.2814,2.7992,0.25,0.25,0
-123.45,48.648,4.2814,2.7992,0.25,0.25,0
-123.45,48.648,4.2814,2.7992,0.25,0.25,0
-123.45,48.648,4.2814,2.7992,0.25,0.25,0
-123.45,48.649,4.2813,2.7993,0.25,0.25,0
-121.28,44.061,3.3184,0.87735,0.47,0.53,0
-121.98,41.26,0.15802,2.3436,1.88,1.9,0
-122.68,47.926,3.7252,1.1401,0.66,0.69,0
-122.68,47.922,3.7287,1.1352,0.66,0.69,0
-121.69,43.991,5.1451,-0.30282,0.9,0.9,0
-122.27,47.908,2.3936,1.2798,0.46,0.54,0
-124.45,49.709,2.27,3.31,0.49,0.52,0
-121.55,45.711,3.8658,1.0884,0.24,0.25,0
-124.12,44.17,9.3195,4.6648,0.63,0.64,0
-122.63,47.73,3.8582,1.3345,0.45,0.53,0
-124.46,49.807,3.02,2.52,0.5,0.55,0
-123.82,45.421,8.8684,4.4764,0.26,0.29,0
-122.61,47.391,4.0905,1.2318,0.25,0.24,0
-120.87,44.301,2.8458,2.0752,0.61,0.67,0
-122.92,46.04,5.1794,3.1733,1.03,0.96,0
-122.92,46.04,5.1794,3.1732,1.03,0.96,0
-122.51,42.741,3.0669,3.3086,0.61,0.72,0
-126.12,49.619,4.71,2.44,0.6,0.62,0
-122.28,47.571,2.991,-1.6572,1.33,1.52,0
-124.86,49.256,4.69,3.97,0.24,0.23,0
-123.49,48.117,4.3454,3.7768,0.62,0.63,0
-124.41,48.544,7.1778,6.5805,0.73,0.76,0
-122.72,46.533,5.2914,2.1494,0.33,0.38,0
-124.26,41.783,8.314,7.2829,0.23,0.23,0
-124.26,41.783,8.314,7.2829,0.23,0.23,0
-124.26,41.783,8.314,7.2829,0.23,0.23,0
-122.01,47.5,2.8736,0.14965,0.23,0.23,0
-122.01,47.5,2.8736,0.14965,0.23,0.23,0
-124.12,48.198,7.663,5.0284,0.33,0.36,0
-122.89,47.837,4.3157,2.7533,0.98,1.03,0
-124.33,47.54,12.911,8.6162,0.33,0.38,0
-124.56,47.935,14.228,8.1216,0.19,0.2,0
-122.55,47.571,2.4964,1.3638,2.43,2.66,0
-120.26,48.508,-0.84029,2.2998,0.43,0.48,0
-125.84,49.084,7.9,6.44,0.48,0.53,0
-121.15,44.26,3.2558,0.32782,0.18,0.18,0
-124.1,43.703,7.711,5.051,0.51,0.54,0
-121.73,46.768,3.4845,1.7287,0.51,0.58,0
-124.4,48.556,6.6027,3.4265,0.86,0.93,0
-123.46,45.797,6.863,3.0648,0.36,0.41,0
-123.6,42.719,3.9135,4.1742,0.38,0.38,0
-122.57,45.547,4.8592,2.3498,0.29,0.3,0
-122.1,42.473,2.2369,3.1024,0.73,0.85,0
-124.43,42.43,10.068,8.3832,0.66,0.7,0
-123.74,43.912,2.9488,-0.53927,2.32,2.5,0
-122.87,48.646,4.1696,1.1716,1.49,1.54,0
-123.36,43.246,3.8848,3.2297,0.46,0.49,0
-121.3,45.68,3.6638,0.46625,0.41,0.41,0
-122.37,47.388,3.84,1.5737,0.27,0.27,0
-122.37,47.388,3.84,1.5737,0.27,0.27,0
-121.07,48.734,0.79587,1.7715,0.38,0.38,0
-121.07,48.733,6.516,0.47118,1.59,1.46,0
-122.35,42.619,2.7883,1.8731,0.56,0.52,0
-120.07,48.157,0.51027,0.34145,0.43,0.48,0
-121.95,44.434,4.1086,1.1208,0.27,0.28,0
-122.31,43.963,6.0261,1.4809,0.63,0.69,0
-120.48,46.602,1.808,0.39924,0.36,0.41,0
-123.54,46.966,5.6854,5.5143,0.59,0.58,0
-123.54,46.966,5.6854,5.5143,0.59,0.58,0
-123.54,46.966,7.0354,1.5743,1.86,1.88,0
-123.17,48.774,3.1803,2.2162,0.64,0.73,0
-120.72,46.951,1.7909,0.028949,0.36,0.35,0
-120.72,46.951,1.7909,0.028949,0.36,0.35,0
-123.01,48.546,3.7576,2.5632,0.25,0.24,0
-123.7,48.923,4.1346,3.5134,0.24,0.24,0
-122.91,45.401,6.3077,2.4815,0.3,0.34,0
-123.2,45.469,7.6747,2.5283,0.97,1.21,0
-122.88,47.824,4.2354,2.1734,0.43,0.49,0
-123.06,43.372,4.383,3.5305,0.31,0.33,0
-122.85,41.558,0.92862,4.7304,2.78,2.92,0
-123.1,44.78,7.0917,3.9705,0.79,0.81,0
-122.23,48.508,2.5488,1.6209,0.18,0.18,0
-122.3,47.658,3.634,1.2242,0.14,0.13,0
-122.3,47.655,3.637,1.221,0.14,0.13,0
-122.26,47.687,3.0386,1.9193,0.33,0.33,0
-123.91,46.016,11.181,4.331,0.34,0.35,0
-122.31,47.654,3.6378,1.218,0.14,0.13,0
-122.31,47.654,3.6378,1.218,0.14,0.13,0
-122.31,47.654,3.6378,1.218,0.14,0.13,0
-122.26,47.687,3.0386,1.9193,0.33,0.33,0
-122.26,47.687,3.0386,1.9193,0.33,0.33,0
-122.26,47.687,3.0386,1.9193,0.33,0.33,0
-123.88,49.598,2.44,2.82,0.51,0.57,0
-122.22,48.517,2.5448,1.6297,0.18,0.18,0
-122.22,48.522,2.5429,1.6438,0.18,0.18,0
-122.22,48.522,2.5431,1.6434,0.18,0.18,0
-125.96,49.956,2.44,1.67,0.93,0.94,0
-123.92,48.377,6.4512,1.9748,0.76,0.83,0
-124.19,49.535,3.39,3.07,0.46,0.49,0
-120.95,44.92,2.7927,0.55275,0.28,0.3,0
-124.12,47.115,14.36,3.2399,1.35,1.74,0
-120.48,46.602,1.808,0.39924,0.36,0.41,0
-123.92,48.377,6.4514,1.9746,0.76,0.83,0
-121.78,44.023,4.2917,-4.6791,1.35,1.59,0
-123.7,45.483,8.2839,3.7124,0.2,0.21,0
-121.56,44.306,3.7398,0.71533,0.48,0.52,0
-122.55,47.571,2.496,1.3642,2.43,2.66,0
-121.9,42.318,1.9347,2.9576,0.87,0.9,0
-121.13,44.634,3.8362,0.19824,0.72,0.98,0
-122.69,48.313,4.0032,2.5061,0.23,0.23,0
-121.57,48.079,2.4589,3.1421,1.11,1.5,0
-123.96,46.206,7.9769,4.4083,0.99,1.08,0
-123.14,47.237,4.0357,2.7042,0.51,0.52,0
-123.14,47.237,4.0357,2.7042,0.51,0.52,0
-123.55,44.038,6.6106,3.1087,0.54,0.6,0
-123.81,46.663,8.1379,5.4231,0.42,0.47,0
-124.11,43.885,8.4568,4.5961,0.41,0.49,0
-122.48,42.065,2.0537,2.5349,0.33,0.37,0
-121.3,46.873,2.7889,0.34869,1.15,1.18,0
-122.37,47.389,3.839,1.5748,0.27,0.27,0
-122.37,47.389,3.839,1.5748,0.27,0.27,0
-122.16,47.401,2.1227,1.7541,0.83,0.82,0
-121.14,46.227,3.1317,0.16824,0.3,0.31,0
-122.87,45.269,5.9819,2.1296,0.22,0.22,0
-122.74,43.343,2.9844,2.1102,0.55,0.58,0
-123.88,45.906,9.843,4.0483,0.49,0.5,0
-123.2,45.684,6.493,2.752,0.34,0.38,0
-122.82,44.831,6.5706,1.8373,0.55,0.56,0
-125.58,49.995,1.06,2.56,0.6,0.65,0
-121.88,45.692,4.2106,0.89516,0.35,0.38,0
-121.67,45.304,3.7245,1.4261,0.72,0.79,0
-123.67,48.15,5.4666,2.8872,0.32,0.31,0
-123.67,48.15,5.4665,2.8874,0.32,0.31,0
-122.35,48.239,2.3901,2.0912,0.55,0.64,0
-122.88,48.748,2.0068,4.6119,0.53,0.6,0
-121.06,43.125,2.4098,2.2128,0.98,1.03,0
-123.67,48.15,7.5867,3.9472,0.55,0.63,0
-123.32,43.465,4.6784,3.2787,0.58,0.68,0
-124.39,42.586,4.7127,7.1214,0.9,0.96,0
-123.11,47.387,5.4652,3.577,0.51,0.56,0
-123.11,47.387,5.4652,3.577,0.51,0.56,0
-120.45,46.626,3.9238,-0.0061252,0.7,0.71,0
-122.29,47.103,4.3479,1.5565,0.26,0.26,0
-122.29,47.103,4.3479,1.5565,0.26,0.26,0
-122.29,47.102,4.3487,1.556,0.26,0.26,0
-122.29,47.102,4.3487,1.556,0.26,0.26,0
-122.29,47.106,4.3449,1.5594,0.26,0.26,0
-122.29,47.106,4.3449,1.5594,0.26,0.26,0
-124.33,43.35,9.702,6.434,0.35,0.4,0
-121.99,47.509,1.9747,0.6831,0.85,0.87,0
-123.92,45.465,24.537,6.6067,1.31,1.33,0
-121.71,45.334,5.0421,0.13412,0.57,0.72,0
-124.66,49.49,3.13,3.59,0.88,0.9,0
-122.43,43.228,3.7861,1.3817,0.54,0.61,0
-121.69,47.676,2.4997,1.6797,0.61,0.74,0
-123.57,44.185,7.3745,4.9096,0.5,0.55,0
-123.4,48.14,4.7699,2.3753,0.27,0.27,0
-125.55,48.94,8.7231,6.7126,0.23,0.22,0
-123,44.325,6.9611,1.6322,0.37,0.38,0
-123.55,44.594,7.4574,4.3301,0.52,0.6,0
-120.22,44.631,2.5887,0.1727,0.36,0.41,0
-125.54,48.926,8.7264,6.6925,0.23,0.22,0
-125.54,48.926,8.7264,6.6925,0.23,0.22,0
-125.54,48.926,8.7264,6.6925,0.23,0.22,0
-125.54,48.926,8.7264,6.6925,0.23,0.22,0
-124.56,47.937,14.226,8.1242,0.19,0.2,0
-121.03,42.393,1.512,2.5108,0.63,0.75,0
-121.88,42.574,3.0504,3.0479,0.56,0.63,0
-122.74,45.672,7.9154,1.437,0.96,1.17,0
-122.57,44.146,4.9989,1.9174,0.44,0.47,0
-123.49,48.389,4.6312,3.0648,0.18,0.18,0
-123.46,46.268,7.6456,3.6365,0.44,0.5,0
-120.77,43.011,1.694,1.4829,0.56,0.64,0
-122.99,45.523,6.6834,2.3492,0.23,0.24,0
-125.3,49.753,2.16,3.88,1.64,1.64,0
-125.3,49.752,2.16,3.88,1.64,1.64,0
-122.87,45.171,6.3105,2.1417,0.6,0.61,0
-123.58,43.644,4.3665,3.0717,1.4,1.77,0
-122.66,48.402,4.4786,1.9636,0.42,0.47,0
-122.7,48.313,4.0034,2.5053,0.23,0.23,0
-122.7,48.313,4.0034,2.5053,0.23,0.23,0
-122.03,45.376,3.7081,1.976,0.48,0.54,0
-120.59,46.361,5.6677,-0.67768,1.26,1.5,0
-121.69,43.682,2.8212,1.5367,0.97,1,0
-122.77,48.14,3.6925,2.1802,0.26,0.26,0
-122.77,48.141,3.692,2.1808,0.26,0.26,0
-123.8,46.422,4.7248,4.0521,1.22,1.39,0
-122.5,48.656,2.4445,0.5836,0.79,0.81,0
-124.06,46.516,10.252,6.2486,0.34,0.4,0
-121.13,45.233,3.057,0.074647,0.42,0.46,0
-121.37,44.823,3.3815,0.12401,1.08,1.13,0
-123.22,44.689,6.3284,4.0005,0.67,0.73,0
-122.32,46.026,3.9524,1.0619,0.34,0.37,0
-123.14,45.07,6.781,2.6118,0.73,0.79,0
-122.71,41.73,2.7367,3.1659,0.26,0.26,0
-122.71,41.731,2.7462,3.1744,0.26,0.26,0
-122.71,41.732,2.7458,3.1746,0.26,0.26,0
-122.71,41.732,2.7458,3.1746,0.26,0.26,0
-122.61,46.949,5.8317,1.388,0.3,0.3,0
-123.4,43.547,-3.3631,5.8246,3.2,3.87,0
-124.26,48.901,5.0503,3.919,0.36,0.37,0
-123.11,47.033,5.6307,2.8944,0.65,0.72,0
-123.11,47.033,5.6307,2.8944,0.65,0.72,0
